name: chatbot
channels:
  - conda-forge
  - defaults
dependencies:
  - blas=1.0=mkl
  - bzip2=1.0.8=h8ffe710_4
  - ca-certificates=2023.5.7=h56e8100_0
  - cffi=1.15.1=py38h57701bc_3
  - future=0.18.3=pyhd8ed1ab_0
  - intel-openmp=2023.1.0=h57928b3_46319
  - libblas=3.9.0=12_win64_mkl
  - libcblas=3.9.0=12_win64_mkl
  - libffi=3.4.2=h8ffe710_5
  - libhwloc=2.9.1=h51c2c0f_0
  - libiconv=1.17=h8ffe710_0
  - liblapack=3.9.0=12_win64_mkl
  - libsqlite=3.42.0=hcfcfb64_0
  - libuv=1.44.2=h8ffe710_0
  - libxml2=2.10.4=hc3477c8_0
  - libzlib=1.2.13=hcfcfb64_4
  - mkl=2021.4.0=h0e2418a_729
  - mkl-service=2.4.0=py38h4f8af0f_0
  - ninja=1.11.1=h91493d7_0
  - numpy=1.24.3=py38h1d91fd2_0
  - openssl=3.1.0=hcfcfb64_3
  - pip=23.1.2=pyhd8ed1ab_0
  - pthreads-win32=2.9.1=hfa6e2cd_3
  - pycparser=2.21=pyhd8ed1ab_0
  - python=3.8.16=h4de0772_1_cpython
  - python_abi=3.8=3_cp38
  - pytorch=1.12.1=cpu_py38h5e1f01c_0
  - pyyaml=6.0=py38h91455d4_5
  - setuptools=67.7.2=pyhd8ed1ab_0
  - six=1.16.0=pyh6c4a22f_0
  - tbb=2021.9.0=h91493d7_0
  - tk=8.6.12=h8ffe710_0
  - typing-extensions=4.5.0=hd8ed1ab_0
  - typing_extensions=4.5.0=pyha770c72_0
  - ucrt=10.0.22621.0=h57928b3_0
  - vc=14.3=hb25d44b_16
  - vc14_runtime=14.34.31931=h5081d32_16
  - vs2015_runtime=14.34.31931=hed1258a_16
  - wheel=0.40.0=pyhd8ed1ab_0
  - xz=5.2.6=h8d14728_0
  - yaml=0.2.5=h8ffe710_2
  - pip:
      - click==8.1.3
      - colorama==0.4.6
      - joblib==1.2.0
      - nltk==3.8.1
      - regex==2023.5.5
      - tqdm==4.65.0
